% 048_rosser
R=[611 196 -192 407 -8 -52 -49 29; 196 899 113 -192 -71 -43 -8 44; -192 113 899 196 61 49 8 -52; 407 -192 196 611 8 52 49 -8]